2459115

2442047

2379574

2424766

2471390

2471217

2487796

2388929

2487889

2488042

2391585

2487956

2428344

2427032

2357536

2383660

2452629

2378426

2449323

2358820

2367105

2397816

2451822

2391279

2490383

2457170

2514815

2436704

2475687

2442327

2464592

2508428

2357024

2352824

2430683

2407517

2486340

2441472

2449808

2465512

2381475

2512636

2450022

2463583

2478307

2508533

2452078

2383489

2423945

2355944

2520077

2486982

2503863

2488802

2458833

2354447

2380358

2358492

2357473

2473224

2482128

2506911

2500105

2385304

2438841

2487129

2354490

2459269

2371464

2473475

2419946

2439482

2406008

2411084

2414469

2378015

2487180

2429187

2490057

2460389

2443945

2466256

2364559

2359991

2394734

2436565

2442818

2379200

2380213

2408976

2522292

2461253

2480201

2410128

2420610

2355942

2352491

2427665

2482949

2366355